[{"id": 0, "img_name": "0001", "width": 1284, "height": 720, "position": [0.771065319397067, 0.9026952520500315, -1.8293879516570835], "rotation": [[0.9963897962963827, -0.046247888645399846, 0.0711934451497857], [0.046171367853177096, 0.9989298279066955, 0.0027209757195655942], [-0.0712430952936455, 0.0005759463018003771, 0.9974588160214123]], "fy": 1098.169416155143, "fx": 1099.2586690502628}, {"id": 1, "img_name": "0009", "width": 1284, "height": 720, "position": [1.7309417311976223, 0.7046824351956984, -0.8541576675792785], "rotation": [[0.9437522959573992, 0.12547051410784815, -0.3059227908552255], [-0.1209167831268762, 0.9920846207350758, 0.03387088512555723], [0.3077510933098139, 0.005025474152056071, 0.9514536295459498]], "fy": 1098.169416155143, "fx": 1099.2586690502628}, {"id": 2, "img_name": "0017", "width": 1284, "height": 720, "position": [3.8196989323534054, 0.5478539766130042, -0.32661361010024315], "rotation": [[0.626011947540766, 0.30171271850960785, -0.719081690092134], [-0.32981586987618616, 0.9380246132896711, 0.10644865823756372], [0.7066332383309124, 0.17052642127337653, 0.6867242577145959]], "fy": 1098.169416155143, "fx": 1099.2586690502628}, {"id": 3, "img_name": "0025", "width": 1284, "height": 720, "position": [3.844676199928888, -0.21066078096451968, 1.905898604299913], "rotation": [[0.014109060760973745, 0.3878587262991122, -0.9216108413197371], [-0.4184468837911841, 0.8394009694694355, 0.3468547504348454], [0.908131675391785, 0.3807513898692979, 0.1741414346521458]], "fy": 1098.169416155143, "fx": 1099.2586690502628}, {"id": 4, "img_name": "0033", "width": 1284, "height": 720, "position": [3.006514112919251, -1.062481599786073, 3.2538491071221554], "rotation": [[-0.5014845590355218, 0.3671753580175452, -0.7833871925897408], [-0.365962488262725, 0.7304536757438163, 0.5766358337607042], [0.7839545230646373, 0.5758642930908594, -0.23193883182740593]], "fy": 1098.169416155143, "fx": 1099.2586690502628}, {"id": 5, "img_name": "0041", "width": 1284, "height": 720, "position": [1.9396910105907241, -1.6447950605200559, 5.039416431045392], "rotation": [[-0.9454964402128598, 0.17145847030481118, -0.276836548355784], [-0.10376120882478618, 0.6472006964210414, 0.7552250459931387], [0.3086585380125249, 0.7427874874503834, -0.5941352164273024]], "fy": 1098.169416155143, "fx": 1099.2586690502628}, {"id": 6, "img_name": "0049", "width": 1284, "height": 720, "position": [0.34226018711122425, -2.0860206680467037, 4.407712633901417], "rotation": [[-0.9980737932809696, 0.05565046568333566, -0.02741767377010258], [0.010723393814837815, 0.5900545635390775, 0.8072921533570115], [0.06110410780649523, 0.8054431312736714, -0.5895147583336955]], "fy": 1098.169416155143, "fx": 1099.2586690502628}, {"id": 7, "img_name": "0057", "width": 1284, "height": 720, "position": [-0.8032900488920737, -1.3202553115382056, 4.155677672010747], "rotation": [[-0.9282999569688254, -0.11333766820614177, 0.3541380562115163], [0.25858278474180324, 0.48762554706796873, 0.8338802487658755], [-0.26719680635600945, 0.865665003804739, -0.4233556044992085]], "fy": 1098.169416155143, "fx": 1099.2586690502628}, {"id": 8, "img_name": "0065", "width": 1284, "height": 720, "position": [-2.602438676237474, -1.9972963346183434, 3.51055716105326], "rotation": [[-0.6151861181466557, -0.40064449377221467, 0.6789919216379932], [0.41485765214818343, 0.567853921261616, 0.710939556194409], [-0.6704022438012464, 0.719045140250466, -0.18312541546285177]], "fy": 1098.169416155143, "fx": 1099.2586690502628}, {"id": 9, "img_name": "0073", "width": 1284, "height": 720, "position": [-3.2592775567762526, -1.2095856129327938, 1.690537993261434], "rotation": [[-0.09906969854718427, -0.5717549939651128, 0.8144209118789395], [0.5326784736199932, 0.6608332182346612, 0.5287278141156323], [-0.8404991603634376, 0.4862053933818241, 0.23909302974947147]], "fy": 1098.169416155143, "fx": 1099.2586690502628}, {"id": 10, "img_name": "0081", "width": 1284, "height": 720, "position": [-1.9420223881586123, -0.536125449864728, 1.2783113882652903], "rotation": [[0.31615894361410085, -0.6356558776350235, 0.7042621156933433], [0.4867740770866187, 0.74586518961895, 0.45468243510296114], [-0.8143061587936608, 0.19906462303165742, 0.5452327536089313]], "fy": 1098.169416155143, "fx": 1099.2586690502628}, {"id": 11, "img_name": "0089", "width": 1284, "height": 720, "position": [-2.257576566423991, 0.37106372244166136, -0.07415203493535373], "rotation": [[0.7489233018194588, -0.3718907360406853, 0.5484625497141598], [0.37834082221940646, 0.9194799638610158, 0.10684015303474835], [-0.5440331885410881, 0.1274906918377273, 0.8293214173410418]], "fy": 1098.169416155143, "fx": 1099.2586690502628}, {"id": 12, "img_name": "0097", "width": 1284, "height": 720, "position": [-1.5219114876189181, 1.571367490635547, -1.293064875130644], "rotation": [[0.9381220405966305, -0.1473282727987062, 0.31340296262314454], [0.18777202145902458, 0.9768103330016435, -0.10287488176620155], [-0.2909788736386298, 0.15535750183164107, 0.9440314304728558]], "fy": 1098.169416155143, "fx": 1099.2586690502628}, {"id": 13, "img_name": "0105", "width": 1284, "height": 720, "position": [-0.425478205926067, 1.3239949517518148, -2.026125064087889], "rotation": [[0.9522670320766166, -0.13604216398791397, 0.273276470332661], [0.16440527019145942, 0.9828426334463537, -0.0836137848294738], [-0.25721276553325556, 0.12455074266226535, 0.9582946862781891]], "fy": 1098.169416155143, "fx": 1099.2586690502628}, {"id": 14, "img_name": "0113", "width": 1284, "height": 720, "position": [0.13736054088895902, 1.6190062697450698, -2.805877782643593], "rotation": [[0.9439663374035288, -0.20625812825673576, 0.2576531357794726], [0.22154430563826163, 0.9746431326584677, -0.03144653559534263], [-0.24463375582332844, 0.08676605609174926, 0.9657256220180014]], "fy": 1098.169416155143, "fx": 1099.2586690502628}, {"id": 15, "img_name": "0121", "width": 1284, "height": 720, "position": [1.0253795152423968, 0.7101018934469414, -1.7567191724579594], "rotation": [[0.9873306692522074, -0.1586509409830948, -0.0028334571052079697], [0.15850138476656078, 0.9869234865253834, -0.029314548805399823], [0.007447186117663508, 0.028494046216009792, 0.9995662202921669]], "fy": 1098.169416155143, "fx": 1099.2586690502628}, {"id": 16, "img_name": "0129", "width": 1284, "height": 720, "position": [0.10537776178691416, -0.5174899563873493, -1.9494098683134327], "rotation": [[0.9892072732972069, -0.12920199315728723, 0.06910727472624924], [0.11601442676420759, 0.9787324900679821, 0.16918441319430047], [-0.08949649847048372, -0.15934101119771948, 0.98315859296047]], "fy": 1098.169416155143, "fx": 1099.2586690502628}, {"id": 17, "img_name": "0137", "width": 1284, "height": 720, "position": [-0.23024357884735988, -1.683289136481472, -1.2169888621440483], "rotation": [[0.948104951380221, -0.2724483123998795, 0.1639174128601551], [0.17885808480432852, 0.8832274539364262, 0.43349630922662513], [-0.26288169709669107, -0.38168204265256683, 0.8861219056360856]], "fy": 1098.169416155143, "fx": 1099.2586690502628}, {"id": 18, "img_name": "0145", "width": 1284, "height": 720, "position": [-0.6872989323033719, -2.2304991880947376, -0.8609803367146689], "rotation": [[0.9265342976898568, -0.32352437271132173, 0.1920056651927472], [0.15636433385228346, 0.7953621208300753, 0.585618725663393], [-0.34217596394734573, -0.5125729967628323, 0.7875179570563925]], "fy": 1098.169416155143, "fx": 1099.2586690502628}, {"id": 19, "img_name": "0153", "width": 1284, "height": 720, "position": [-0.2054539934865816, 0.38238871693906323, -2.592189172142195], "rotation": [[0.9686619628649085, -0.21782016314610417, 0.11936657080484082], [0.18756246686684055, 0.9565159319016586, 0.22337769145804812], [-0.1628321919078898, -0.19398878458639346, 0.9673954872404386]], "fy": 1098.169416155143, "fx": 1099.2586690502628}, {"id": 20, "img_name": "0161", "width": 1284, "height": 720, "position": [-0.015419816441544077, 3.514301891654193, -1.4870259231230325], "rotation": [[0.9872978516539782, -0.06353718932234466, 0.14562272381897012], [0.114271152226434, 0.9207697074881731, -0.37299497254116903], [-0.11038594062779314, 0.38489761150877627, 0.9163344219042283]], "fy": 1098.169416155143, "fx": 1099.2586690502628}, {"id": 21, "img_name": "0169", "width": 1284, "height": 720, "position": [0.033774183519096015, 4.856344358451942, -1.0613330323082315], "rotation": [[0.9723744903736519, -0.003813350291254317, 0.23339517739262947], [0.150676325917138, 0.7739135000235069, -0.6151053074795224], [-0.178282066621108, 0.6332798377028291, 0.753108326789968]], "fy": 1098.169416155143, "fx": 1099.2586690502628}, {"id": 22, "img_name": "0177", "width": 1284, "height": 720, "position": [-0.8301212058454368, 3.6520382441675086, -0.7922437907225786], "rotation": [[0.9219814492438723, 0.059092674551837754, 0.3826986582998166], [0.14056264000469001, 0.8698075693856957, -0.47294496135835945], [-0.3608217724654112, 0.48983961462264236, 0.7936402210455695]], "fy": 1098.169416155143, "fx": 1099.2586690502628}, {"id": 23, "img_name": "0002", "width": 1284, "height": 720, "position": [0.8959534406656482, 0.876331351024226, -1.7396786444506902], "rotation": [[0.9969516748101204, -0.043685913269132466, 0.06464440482468589], [0.04361228771874446, 0.9990452764404755, 0.00255029055428793], [-0.06469409906037403, 0.00027677394327141086, 0.9979051041772213]], "fy": 1098.169416155143, "fx": 1099.2586690502628}, {"id": 24, "img_name": "0003", "width": 1284, "height": 720, "position": [1.0094505923710606, 0.8389335154687607, -1.6739232230372925], "rotation": [[0.9979610915480323, -0.034088451123409025, 0.0539595891039467], [0.03403589718595221, 0.9994188184887018, 0.0018928690906277917], [-0.05399275376388111, -5.2446676902284935e-05, 0.9985413260302946]], "fy": 1098.169416155143, "fx": 1099.2586690502628}, {"id": 25, "img_name": "0004", "width": 1284, "height": 720, "position": [1.1832616741462887, 0.7945190223966604, -1.5881916124709243], "rotation": [[0.9999999854680776, 0.00010587067550071853, 0.0001336235175691133], [-0.0001058914992306245, 0.9999999822502308, 0.00015584135680474305], [-0.00013360701616761079, -0.00015585550413467643, 0.9999999789291134]], "fy": 1098.169416155143, "fx": 1099.2586690502628}, {"id": 26, "img_name": "0005", "width": 1284, "height": 720, "position": [1.3771531511554043, 0.7253100233694413, -1.5481511593319581], "rotation": [[0.9982322798791802, 0.033448306350097864, -0.04912765218819424], [-0.03351747377489876, 0.9994379606871162, -0.0005845419809211949], [0.04908048857706245, 0.002230143468140206, 0.9987923368254026]], "fy": 1098.169416155143, "fx": 1099.2586690502628}, {"id": 27, "img_name": "0006", "width": 1284, "height": 720, "position": [1.4346925181427328, 0.6655342484890898, -1.4315993698385239], "rotation": [[0.9944143439281543, 0.05624982621325935, -0.08930884413604656], [-0.0562627161961568, 0.9984131738758625, 0.002375078389835829], [0.08930072427572606, 0.0026629461326266564, 0.9960011492773118]], "fy": 1098.169416155143, "fx": 1099.2586690502628}, {"id": 28, "img_name": "0007", "width": 1284, "height": 720, "position": [1.4739203919402446, 0.6737172345212115, -1.2205374206946753], "rotation": [[0.9856203834096134, 0.07747362805479155, -0.15016756228797964], [-0.07714455828519472, 0.9969876261444183, 0.008024365513854966], [0.150336878158583, 0.0036756320470860437, 0.9886279951501402]], "fy": 1098.169416155143, "fx": 1099.2586690502628}, {"id": 29, "img_name": "0008", "width": 1284, "height": 720, "position": [1.5892056537364656, 0.6950161782600325, -1.05770905183289], "rotation": [[0.9696399572038499, 0.09662940411861876, -0.22463550844289312], [-0.09517029692957185, 0.9953099630634342, 0.01734047314815612], [0.22525755919847304, 0.0045646123981628785, 0.9742885590714903]], "fy": 1098.169416155143, "fx": 1099.2586690502628}, {"id": 30, "img_name": "0010", "width": 1284, "height": 720, "position": [1.9768921245859692, 0.6776466667994391, -0.8155559711010376], "rotation": [[0.916828001870033, 0.15962375164358641, -0.3659872578358834], [-0.15223223645735953, 0.9871206838480828, 0.049174197527599654], [0.36912296212806006, 0.010630777512461305, 0.929319764881436]], "fy": 1098.169416155143, "fx": 1099.2586690502628}, {"id": 31, "img_name": "0011", "width": 1284, "height": 720, "position": [2.2772341621650045, 0.5818819568182013, -0.8922142721890209], "rotation": [[0.8941639754115362, 0.18113282859468385, -0.40946511876047076], [-0.1716825863957639, 0.9833188639330018, 0.060075796806796825], [0.41351647440543243, 0.016580417328865102, 0.9103456569658043]], "fy": 1098.169416155143, "fx": 1099.2586690502628}, {"id": 32, "img_name": "0012", "width": 1284, "height": 720, "position": [2.631196622603807, 0.6512843281965149, -0.9285125937374515], "rotation": [[0.8693902786338338, 0.19397050579712857, -0.4544623045949915], [-0.18319871300318544, 0.9807129185679627, 0.06812050284521638], [0.4589104215105179, 0.024033606360984543, 0.8881574245562122]], "fy": 1098.169416155143, "fx": 1099.2586690502628}, {"id": 33, "img_name": "0013", "width": 1284, "height": 720, "position": [2.9882526209247895, 0.6860976545386492, -0.8839546525983089], "rotation": [[0.8463914140668369, 0.20781980513710896, -0.4903391711730914], [-0.19657760221657536, 0.9776139480642874, 0.07502142931815438], [0.49495335184310235, 0.03289220489616124, 0.8682967709005643]], "fy": 1098.169416155143, "fx": 1099.2586690502628}, {"id": 34, "img_name": "0014", "width": 1284, "height": 720, "position": [3.3992439964989605, 0.6422095770502564, -0.7947479742194525], "rotation": [[0.8045687299282961, 0.23223781809350758, -0.546566331444533], [-0.22539870954788793, 0.9709145819091317, 0.08074835212165747], [0.5494220422914566, 0.05822774667959616, 0.8335136165419865]], "fy": 1098.169416155143, "fx": 1099.2586690502628}, {"id": 35, "img_name": "0015", "width": 1284, "height": 720, "position": [3.5886215502163816, 0.6610262915471825, -0.622534264992539], "rotation": [[0.7563895730602536, 0.26079395106936704, -0.5998844295790281], [-0.26550791355103653, 0.9605456133893384, 0.08281106472129669], [0.5978129821336289, 0.09663663738007487, 0.79578954423162]], "fy": 1098.169416155143, "fx": 1099.2586690502628}, {"id": 36, "img_name": "0016", "width": 1284, "height": 720, "position": [3.7265486859744468, 0.630242449136461, -0.47557992716110004], "rotation": [[0.6878313161889348, 0.2840612352508639, -0.6679800110014903], [-0.29899531925212897, 0.9494268686802054, 0.095866678744064], [0.6614301773695505, 0.1337827928242399, 0.7379785124304307]], "fy": 1098.169416155143, "fx": 1099.2586690502628}, {"id": 37, "img_name": "0018", "width": 1284, "height": 720, "position": [3.8552562713278298, 0.5194100961645939, -0.09724502091131726], "rotation": [[0.5803584984945858, 0.3121481637171853, -0.7521619088421716], [-0.347078820028235, 0.9303456567120516, 0.11829307555740219], [0.7366955313512619, 0.19240707607832516, 0.6482740247473067]], "fy": 1098.169416155143, "fx": 1099.2586690502628}, {"id": 38, "img_name": "0019", "width": 1284, "height": 720, "position": [3.8846732328811853, 0.5456938478609522, 0.2764336063066748], "rotation": [[0.5135023487924595, 0.32409449367344745, -0.7945301107920196], [-0.35944980161260975, 0.9220200972841429, 0.14378727455792217], [0.7791733939921734, 0.21175858748747706, 0.5899551870439192]], "fy": 1098.169416155143, "fx": 1099.2586690502628}, {"id": 39, "img_name": "0020", "width": 1284, "height": 720, "position": [3.9146677752983616, 0.4135923916455957, 0.6287766446833539], "rotation": [[0.44325041680783134, 0.3348507726096148, -0.8315070824006419], [-0.3681281698256715, 0.9137756781347207, 0.17174300751481208], [0.8173192268511035, 0.22997602077646115, 0.5282994522875634]], "fy": 1098.169416155143, "fx": 1099.2586690502628}, {"id": 40, "img_name": "0021", "width": 1284, "height": 720, "position": [3.874347263039649, 0.1714771464911623, 0.9181978247339835], "rotation": [[0.3653669420820344, 0.3507330078801983, -0.8622606072510398], [-0.38415798541893786, 0.9005544669346854, 0.20352959077944377], [0.8478971870884383, 0.2568813135813762, 0.4637697174894241]], "fy": 1098.169416155143, "fx": 1099.2586690502628}, {"id": 41, "img_name": "0022", "width": 1284, "height": 720, "position": [3.8312837277263303, 0.06659760573475533, 1.0779622325030427], "rotation": [[0.2937502907996607, 0.3660401914413734, -0.8830205801138937], [-0.40249082214935494, 0.8852561725643678, 0.23307219272625063], [0.8670132090923707, 0.28694265487419085, 0.4073720757159234]], "fy": 1098.169416155143, "fx": 1099.2586690502628}, {"id": 42, "img_name": "0023", "width": 1284, "height": 720, "position": [3.766580991031821, 0.00949333277852277, 1.2429894656906344], "rotation": [[0.23670613218869754, 0.3766600147129319, -0.8955989282601452], [-0.4088078582939532, 0.8748362024125762, 0.25988026848041623], [0.8813888710333129, 0.3046126265682301, 0.361060667691492]], "fy": 1098.169416155143, "fx": 1099.2586690502628}, {"id": 43, "img_name": "0024", "width": 1284, "height": 720, "position": [3.74334804234111, -0.0575028048094104, 1.5727297744017308], "rotation": [[0.13454697899784857, 0.3834043425809004, -0.9137276511809524], [-0.40629725931986227, 0.8623802461482292, 0.30203120388875104], [0.9037807519037573, 0.3306076543932814, 0.27180679046861866]], "fy": 1098.169416155143, "fx": 1099.2586690502628}, {"id": 44, "img_name": "0026", "width": 1284, "height": 720, "position": [3.9774307018599653, -0.42779697682046186, 2.1350336336288356], "rotation": [[-0.07099936694706961, 0.386276499099694, -0.9196464299590357], [-0.433309272015483, 0.8184933723826273, 0.37724219561327693], [0.8984443024909934, 0.4252752821514529, 0.10926467733203915]], "fy": 1098.169416155143, "fx": 1099.2586690502628}, {"id": 45, "img_name": "0027", "width": 1284, "height": 720, "position": [4.006416829327322, -0.5765718080676826, 2.257990071750169], "rotation": [[-0.13421195155738927, 0.3832525471258874, -0.913840597249146], [-0.4392714838276242, 0.8036199529287578, 0.4015414483595166], [0.8882723206061494, 0.45531577655106636, 0.060496512863679276]], "fy": 1098.169416155143, "fx": 1099.2586690502628}, {"id": 46, "img_name": "0028", "width": 1284, "height": 720, "position": [3.9410465198555236, -0.67111639823217, 2.368590567021304], "rotation": [[-0.18347736213705898, 0.3792569837063669, -0.906917966462885], [-0.4359597567680756, 0.7954967454016564, 0.4208610442106667], [0.881064780854363, 0.4725982102857784, 0.01938513793431025]], "fy": 1098.169416155143, "fx": 1099.2586690502628}, {"id": 47, "img_name": "0029", "width": 1284, "height": 720, "position": [3.6751014688306625, -0.7275009905642433, 2.670315522830333], "rotation": [[-0.2477973320191665, 0.37325468610214935, -0.8940231661131433], [-0.42615458405097045, 0.7867385885325368, 0.44658108312620676], [0.8700510058246741, 0.49165367141578187, -0.03588752773395044]], "fy": 1098.169416155143, "fx": 1099.2586690502628}, {"id": 48, "img_name": "0030", "width": 1284, "height": 720, "position": [3.3843658794598954, -0.7718639051762279, 2.980347410198838], "rotation": [[-0.3182780855825741, 0.3720776577247116, -0.8719273346214029], [-0.4110440076910467, 0.7746372637149608, 0.4806037176359344], [0.8542493102011697, 0.5113661372111871, -0.09360977371265818]], "fy": 1098.169416155143, "fx": 1099.2586690502628}, {"id": 49, "img_name": "0031", "width": 1284, "height": 720, "position": [3.2026379809171495, -0.8071158452642184, 3.0923274755216794], "rotation": [[-0.38727780637022535, 0.3776619663808707, -0.8410632198844508], [-0.3903722914122808, 0.7592722802090822, 0.5206871216033926], [0.8352397109755922, 0.5299783426286729, -0.14662053592172405]], "fy": 1098.169416155143, "fx": 1099.2586690502628}, {"id": 50, "img_name": "0032", "width": 1284, "height": 720, "position": [3.0682518063851933, -0.9341531735432671, 3.110445708193056], "rotation": [[-0.46015209162268367, 0.37247371720084904, -0.8059301350426417], [-0.37698755416246454, 0.7398777643010824, 0.5571905220832771], [0.8038286114476588, 0.5602180146045055, -0.20003834515090832]], "fy": 1098.169416155143, "fx": 1099.2586690502628}, {"id": 51, "img_name": "0034", "width": 1284, "height": 720, "position": [2.9401489628749493, -1.2580868303200814, 3.549059440153938], "rotation": [[-0.5513848748158654, 0.360247808889084, -0.752460122541325], [-0.34370139468091965, 0.7237609327044292, 0.598363989211588], [0.7601605561450046, 0.5885504468449827, -0.2752531569299217]], "fy": 1098.169416155143, "fx": 1099.2586690502628}, {"id": 52, "img_name": "0035", "width": 1284, "height": 720, "position": [2.8460243594879033, -1.419805871794189, 4.037133624448352], "rotation": [[-0.6263772800656188, 0.3512857752446214, -0.6958805983273156], [-0.296358987778205, 0.7183576151633029, 0.6293915213124257], [0.72098741554945, 0.6004670189508141, -0.3458561923280361]], "fy": 1098.169416155143, "fx": 1099.2586690502628}, {"id": 53, "img_name": "0036", "width": 1284, "height": 720, "position": [2.7753024186935957, -1.6525000383531692, 4.371824893474124], "rotation": [[-0.7058698992054864, 0.3305427924101333, -0.6264895432338417], [-0.251528189533285, 0.7098422727504679, 0.6579190814124165], [0.6621791715734827, 0.6219850562530915, -0.41791546337996877]], "fy": 1098.169416155143, "fx": 1099.2586690502628}, {"id": 54, "img_name": "0037", "width": 1284, "height": 720, "position": [2.6918207459784105, -1.8834666126072583, 4.648169826567718], "rotation": [[-0.7724955379215057, 0.2995667320755355, -0.5599200093986174], [-0.2239022457225907, 0.6966175235238249, 0.6816097199130262], [0.5942376866639679, 0.6519078147661043, -0.47106026450459426]], "fy": 1098.169416155143, "fx": 1099.2586690502628}, {"id": 55, "img_name": "0038", "width": 1284, "height": 720, "position": [2.594341277797589, -1.875764395576126, 4.87197817755512], "rotation": [[-0.8133269543913751, 0.27245917157057636, -0.5140673740741816], [-0.20996810623891324, 0.686569786524465, 0.6960857149763922], [0.5425980645218833, 0.674083027570659, -0.5011979771689824]], "fy": 1098.169416155143, "fx": 1099.2586690502628}, {"id": 56, "img_name": "0039", "width": 1284, "height": 720, "position": [2.3690092880717453, -1.8407647534433047, 4.972129269930189], "rotation": [[-0.8572050958542891, 0.2401591522356027, -0.4555469297876072], [-0.1929376475847969, 0.670398415552769, 0.7164782122080067], [0.47746673997869543, 0.7020609275709718, -0.5283331961861781]], "fy": 1098.169416155143, "fx": 1099.2586690502628}, {"id": 57, "img_name": "0040", "width": 1284, "height": 720, "position": [2.1080179816469355, -1.7747284839905468, 4.980550797889973], "rotation": [[-0.9087576713789163, 0.20163361287322898, -0.36538114465535554], [-0.15074461902862837, 0.6578177084329426, 0.737937614101589], [0.3891472144881455, 0.7256857092651894, -0.5674017067513948]], "fy": 1098.169416155143, "fx": 1099.2586690502628}, {"id": 58, "img_name": "0042", "width": 1284, "height": 720, "position": [1.7370559754341341, -1.6486026154055844, 4.994118004407415], "rotation": [[-0.967329757124086, 0.1323330636788018, -0.2162431530468366], [-0.08672607634952038, 0.6287697621981475, 0.7727400428516062], [0.23822621321607873, 0.7662483581729014, -0.5967509739699293]], "fy": 1098.169416155143, "fx": 1099.2586690502628}, {"id": 59, "img_name": "0043", "width": 1284, "height": 720, "position": [1.4348470826746589, -1.6371651016552784, 4.9117483759710945], "rotation": [[-0.9736162889567347, 0.1145324461451596, -0.19736676685329088], [-0.08582382129449924, 0.6176213712909943, 0.7817788136186868], [0.21143697305940848, 0.7780913574283151, -0.591496615306323]], "fy": 1098.169416155143, "fx": 1099.2586690502628}, {"id": 60, "img_name": "0044", "width": 1284, "height": 720, "position": [1.1771990739783698, -1.6652380190366203, 4.746513372926841], "rotation": [[-0.9808267932861163, 0.09235782807741079, -0.1716066233130199], [-0.08069285883250496, 0.6090685654410692, 0.7890019931058446], [0.177390710313451, 0.7877217238240807, -0.5899381507498116]], "fy": 1098.169416155143, "fx": 1099.2586690502628}, {"id": 61, "img_name": "0045", "width": 1284, "height": 720, "position": [1.0400241752277437, -1.6742137597433076, 4.7040057885314575], "rotation": [[-0.9897563345250835, 0.06954769963260701, -0.12468165760561527], [-0.057810788892645404, 0.6032823034776622, 0.7954296794804026], [0.13053854202909268, 0.7944895089216086, -0.5930818739924701]], "fy": 1098.169416155143, "fx": 1099.2586690502628}, {"id": 62, "img_name": "0046", "width": 1284, "height": 720, "position": [0.8819924935042586, -1.6802315535861843, 4.588317016623976], "rotation": [[-0.9936064729341436, 0.06579208643572386, -0.09174736130159228], [-0.034140686982757316, 0.5995049950742449, 0.7996425291174645], [0.10761315177856308, 0.7976623109082337, -0.5934258566331769]], "fy": 1098.169416155143, "fx": 1099.2586690502628}, {"id": 63, "img_name": "0047", "width": 1284, "height": 720, "position": [0.6876241358820586, -1.8033492126403488, 4.482848000701219], "rotation": [[-0.9951682260859784, 0.0717256175940053, -0.06704951580470692], [-0.010979594008356585, 0.5973132982890372, 0.8019328352190622], [0.09756869530899132, 0.798794253527046, -0.593639697314685]], "fy": 1098.169416155143, "fx": 1099.2586690502628}, {"id": 64, "img_name": "0048", "width": 1284, "height": 720, "position": [0.49500452814185675, -1.9015854452265495, 4.420140177429539], "rotation": [[-0.9962836957523424, 0.06912336886914375, -0.051388300752544434], [-0.00018018403450913178, 0.5949456721705789, 0.8037658954566385], [0.08613225360901326, 0.8007881161965871, -0.5927222181144842]], "fy": 1098.169416155143, "fx": 1099.2586690502628}, {"id": 65, "img_name": "0050", "width": 1284, "height": 720, "position": [0.25646536455715047, -2.111232562984028, 4.414384436965214], "rotation": [[-0.9990752182976519, 0.04194115724559963, -0.009468237026983047], [0.01593945475047784, 0.5657981952995392, 0.8243896748371136], [0.039932968406527415, 0.823476375814561, -0.5659434746594034]], "fy": 1098.169416155143, "fx": 1099.2586690502628}, {"id": 66, "img_name": "0051", "width": 1284, "height": 720, "position": [0.23373509050313143, -2.172635235621752, 4.352825469176835], "rotation": [[-0.999002936988206, 0.04377098223111636, -0.008788230963081789], [0.016819642190165175, 0.5513508809526005, 0.8341038938342069], [0.04135494559943211, 0.8331244247933884, -0.5515373616421219]], "fy": 1098.169416155143, "fx": 1099.2586690502628}, {"id": 67, "img_name": "0052", "width": 1284, "height": 720, "position": [0.23002049792960078, -2.203800487245639, 4.3221124645853966], "rotation": [[-0.9988817633867862, 0.04620701683277213, -0.010006716180626285], [0.016727621808326713, 0.5433759452674894, 0.8393228036776433], [0.04422001178133367, 0.8382168536244533, -0.5435412558932212]], "fy": 1098.169416155143, "fx": 1099.2586690502628}, {"id": 68, "img_name": "0053", "width": 1284, "height": 720, "position": [0.1748070318011512, -2.16302842882323, 4.4024976209050255], "rotation": [[-0.9989575814676445, 0.04553456648683909, -0.0032177139663191142], [0.02184143904266555, 0.5386833064534351, 0.8422251758816878], [0.04008368706667263, 0.8412769452464808, -0.5391163134499739]], "fy": 1098.169416155143, "fx": 1099.2586690502628}, {"id": 69, "img_name": "0054", "width": 1284, "height": 720, "position": [0.012008947633789128, -2.059085227601408, 4.56631213700587], "rotation": [[-0.9995279698481367, 0.018748513557386697, 0.02433784564522285], [0.03058280403344839, 0.5319047719875896, 0.846251738925411], [0.0029205459616137262, 0.8465966021525357, -0.5322270790133354]], "fy": 1098.169416155143, "fx": 1099.2586690502628}, {"id": 70, "img_name": "0055", "width": 1284, "height": 720, "position": [-0.34395742819776975, -1.890519592414515, 4.54250390862422], "rotation": [[-0.9942862102897687, -0.03018871343222745, 0.10238932370572733], [0.07186698488859963, 0.5199236068535302, 0.8511842218459159], [-0.0789307830357153, 0.8536791461771353, -0.5147833008865437]], "fy": 1098.169416155143, "fx": 1099.2586690502628}, {"id": 71, "img_name": "0056", "width": 1284, "height": 720, "position": [-0.6247407133288555, -1.5574649237739588, 4.366018869657916], "rotation": [[-0.9757960250351996, -0.06624391767171774, 0.20840791946806367], [0.1496982085402513, 0.4923745934390356, 0.8574133811036446], [-0.15941318604602212, 0.8678588612828971, -0.47054057530398946]], "fy": 1098.169416155143, "fx": 1099.2586690502628}, {"id": 72, "img_name": "0058", "width": 1284, "height": 720, "position": [-0.9327313089191516, -1.3188388910684026, 3.961737033961218], "rotation": [[-0.8938888434038859, -0.17330664172182905, 0.41343384425221524], [0.28372680708462505, 0.495310462569596, 0.8210765156857531], [-0.34707612216864964, 0.8512534015228336, -0.3935807564098863]], "fy": 1098.169416155143, "fx": 1099.2586690502628}, {"id": 73, "img_name": "0059", "width": 1284, "height": 720, "position": [-1.1326231660766883, -1.440821124085316, 3.7897325100105523], "rotation": [[-0.8623653149019442, -0.22506095021935674, 0.4535125492645494], [0.2961871442084653, 0.5022144061126397, 0.8124369919560299], [-0.41060837699650493, 0.8349420692355182, -0.36643212435730455]], "fy": 1098.169416155143, "fx": 1099.2586690502628}, {"id": 74, "img_name": "0060", "width": 1284, "height": 720, "position": [-1.4117941250499373, -1.564534855540159, 3.7633983538879434], "rotation": [[-0.823501056658292, -0.26482591250720977, 0.5017103205510122], [0.3215078697343225, 0.51077874679045, 0.7973316508994706], [-0.4674170508032132, 0.8179072734068946, -0.3354832227198923]], "fy": 1098.169416155143, "fx": 1099.2586690502628}, {"id": 75, "img_name": "0061", "width": 1284, "height": 720, "position": [-1.6478129186103052, -1.6390294387928044, 3.8214595099655986], "rotation": [[-0.7782903828875339, -0.297956548322978, 0.5527078570241538], [0.3531951515274623, 0.5200417368712938, 0.7776951696194214], [-0.5191505223365075, 0.8004864066449501, -0.2995066742735235]], "fy": 1098.169416155143, "fx": 1099.2586690502628}, {"id": 76, "img_name": "0062", "width": 1284, "height": 720, "position": [-1.8797745787094817, -1.7966887997733012, 3.6437200524081192], "rotation": [[-0.7301380654173588, -0.32918289446874377, 0.5987796150653231], [0.3811141440992115, 0.5311495395217789, 0.7567246367294563], [-0.5671423230513855, 0.7807168428149749, -0.2623562401561963]], "fy": 1098.169416155143, "fx": 1099.2586690502628}, {"id": 77, "img_name": "0063", "width": 1284, "height": 720, "position": [-2.0733811392235966, -1.915624926183838, 3.436712267997954], "rotation": [[-0.6965864528259146, -0.3561436500556423, 0.6228394771242853], [0.38727075972423847, 0.5441389561062389, 0.7442675292596229], [-0.6039773773925808, 0.7596541956526381, -0.2411158033504288]], "fy": 1098.169416155143, "fx": 1099.2586690502628}, {"id": 78, "img_name": "0064", "width": 1284, "height": 720, "position": [-2.386305936244099, -1.9388053811580008, 3.440893009159313], "rotation": [[-0.6608065295609242, -0.38105184916236223, 0.6466329861208688], [0.39506232470693253, 0.5559469665803516, 0.7313335285266632], [-0.638169640524212, 0.7387303016663457, -0.21683415624192678]], "fy": 1098.169416155143, "fx": 1099.2586690502628}, {"id": 79, "img_name": "0066", "width": 1284, "height": 720, "position": [-2.67896719373636, -2.0111142276614395, 3.38923047726519], "rotation": [[-0.5502287014216849, -0.4281164131612606, 0.7169133231526265], [0.4368296006744686, 0.5841277875047293, 0.6840867107607149], [-0.7116377421879688, 0.6895731031926684, -0.1343899521796295]], "fy": 1098.169416155143, "fx": 1099.2586690502628}, {"id": 80, "img_name": "0067", "width": 1284, "height": 720, "position": [-2.7871754176855745, -1.7778272060445846, 3.0121879898927033], "rotation": [[-0.475398614020256, -0.47002647649926, 0.7436876153179572], [0.4449314053104596, 0.6007976841247603, 0.6641371750766434], [-0.7589678533087414, 0.6466198683461676, -0.07648884561755116]], "fy": 1098.169416155143, "fx": 1099.2586690502628}, {"id": 81, "img_name": "0068", "width": 1284, "height": 720, "position": [-2.894695224886835, -1.4584179451499264, 2.738213911762161], "rotation": [[-0.41981200551693265, -0.5006291698940734, 0.7570523854232422], [0.46316660270724624, 0.5991589985631917, 0.6530583378055753], [-0.7805348026580737, 0.6248031119416132, -0.019659428974343512]], "fy": 1098.169416155143, "fx": 1099.2586690502628}, {"id": 82, "img_name": "0069", "width": 1284, "height": 720, "position": [-2.9823183671321782, -1.3160428450768475, 2.4550674313657237], "rotation": [[-0.34013950802754095, -0.5317923576624018, 0.7755656022611153], [0.49847649587020154, 0.5973728216811672, 0.6282251944817601], [-0.7973871695379523, 0.6002854323141155, 0.06189589330245081]], "fy": 1098.169416155143, "fx": 1099.2586690502628}, {"id": 83, "img_name": "0070", "width": 1284, "height": 720, "position": [-3.01568708309353, -1.3149352788489372, 2.2465107194526053], "rotation": [[-0.2733347541273549, -0.5505292546420665, 0.7888001343619235], [0.5123651136249506, 0.6106936599420865, 0.6037675413986997], [-0.8141069355595919, 0.5691843229480146, 0.11514818272113721]], "fy": 1098.169416155143, "fx": 1099.2586690502628}, {"id": 84, "img_name": "0071", "width": 1284, "height": 720, "position": [-3.084422611000866, -1.3498064757613675, 2.199189706738746], "rotation": [[-0.22263056010310228, -0.5611235895560807, 0.7972301743862169], [0.5186023809087581, 0.6242883078630641, 0.5842222857622256], [-0.8255223826305054, 0.5435112012729555, 0.15201437388248037]], "fy": 1098.169416155143, "fx": 1099.2586690502628}, {"id": 85, "img_name": "0072", "width": 1284, "height": 720, "position": [-3.1800993551895678, -1.2828264141192307, 1.9998278518483388], "rotation": [[-0.1529117626496155, -0.5689798668196846, 0.8080098415225162], [0.527283450204512, 0.6445435116409541, 0.5536567752154518], [-0.835817058921277, 0.51071085043829, 0.20145538280419573]], "fy": 1098.169416155143, "fx": 1099.2586690502628}, {"id": 86, "img_name": "0074", "width": 1284, "height": 720, "position": [-3.3540890085459614, -1.0463104439200348, 1.3984756781171168], "rotation": [[-0.04909248976408673, -0.5731829747600241, 0.8179555030036857], [0.5305119795072203, 0.6789068135906906, 0.5075850451495452], [-0.8462546703257203, 0.45885380668071707, 0.27075120876280784]], "fy": 1098.169416155143, "fx": 1099.2586690502628}, {"id": 87, "img_name": "0075", "width": 1284, "height": 720, "position": [-3.3859857924230603, -0.894561120869112, 1.2394055549284015], "rotation": [[0.017631849619165862, -0.5723307279990699, 0.8198333096837808], [0.5348101612493144, 0.6981995180653928, 0.475915459296854], [-0.844788263000552, 0.4300639147397834, 0.3183988378358231]], "fy": 1098.169416155143, "fx": 1099.2586690502628}, {"id": 88, "img_name": "0076", "width": 1284, "height": 720, "position": [-3.2746151052583787, -0.804315754423276, 1.209828649482969], "rotation": [[0.10822393150829325, -0.5682245708365601, 0.8157257000649761], [0.529506004750823, 0.7274127636536075, 0.43645625463114], [-0.8413744538442497, 0.3846966446064069, 0.3796017914168242]], "fy": 1098.169416155143, "fx": 1099.2586690502628}, {"id": 89, "img_name": "0077", "width": 1284, "height": 720, "position": [-3.0135015151838447, -0.6608685415441836, 1.1674159489679226], "rotation": [[0.18645915252470316, -0.562091157138585, 0.805783169038902], [0.5135155874346345, 0.754973428506526, 0.4078196460578663], [-0.8375766985186678, 0.33774051180707926, 0.4294142764078305]], "fy": 1098.169416155143, "fx": 1099.2586690502628}, {"id": 90, "img_name": "0078", "width": 1284, "height": 720, "position": [-2.6544422805704926, -0.6697968659188095, 0.9958397926329131], "rotation": [[0.2116230095089897, -0.5608659402477651, 0.8004030852741312], [0.5068142172096641, 0.7632127834791165, 0.4008061830463877], [-0.8356764033287725, 0.3208358524293213, 0.445768218601817]], "fy": 1098.169416155143, "fx": 1099.2586690502628}, {"id": 91, "img_name": "0079", "width": 1284, "height": 720, "position": [-2.345498658376132, -0.5042475697295348, 0.873167284677823], "rotation": [[0.2163369523503701, -0.5749090556260703, 0.7890994239048041], [0.5043510963314944, 0.7578521139988118, 0.41387213597529293], [-0.8359595054050005, 0.30844732300130584, 0.4539074291707008]], "fy": 1098.169416155143, "fx": 1099.2586690502628}, {"id": 92, "img_name": "0080", "width": 1284, "height": 720, "position": [-2.1220982093943164, -0.4218871503973574, 1.047739461357949], "rotation": [[0.24080869398266744, -0.6186074091826052, 0.7478877229950671], [0.5043442549278089, 0.738115101103039, 0.4481327593972165], [-0.8292454675327896, 0.2692786119023102, 0.4897356263825308]], "fy": 1098.169416155143, "fx": 1099.2586690502628}, {"id": 93, "img_name": "0082", "width": 1284, "height": 720, "position": [-1.8797883106806557, -0.6754332399645367, 1.3300904592533294], "rotation": [[0.4110886834374032, -0.6146622436421195, 0.6731986486844265], [0.4546944960801627, 0.778318237027935, 0.43298225961825954], [-0.790100632567845, 0.12810561326718994, 0.5994413584874905]], "fy": 1098.169416155143, "fx": 1099.2586690502628}, {"id": 94, "img_name": "0083", "width": 1284, "height": 720, "position": [-1.9254477302045723, -0.6553662319393834, 1.24169863602623], "rotation": [[0.4698302398226362, -0.598334698695295, 0.6490417044269301], [0.43738881863318535, 0.7964338158533941, 0.41759334082318456], [-0.7667793470633326, 0.08768560487567154, 0.6358935977148354]], "fy": 1098.169416155143, "fx": 1099.2586690502628}, {"id": 95, "img_name": "0084", "width": 1284, "height": 720, "position": [-1.9904375347812946, -0.5096434979134943, 1.0743463759030094], "rotation": [[0.5269967819955647, -0.5794808561185094, 0.6216722039455185], [0.4266226864414043, 0.8130303591606395, 0.396200351459512], [-0.7350288941122237, 0.056423155488511095, 0.6756840625209987]], "fy": 1098.169416155143, "fx": 1099.2586690502628}, {"id": 96, "img_name": "0085", "width": 1284, "height": 720, "position": [-2.0099139705484053, -0.33933618393604825, 0.8595779326084488], "rotation": [[0.575933660160857, -0.5546609681959902, 0.6005427790371015], [0.4232377956728069, 0.8308034187931961, 0.3614352606422904], [-0.699407025563614, 0.046009669433976885, 0.7132411393847345]], "fy": 1098.169416155143, "fx": 1099.2586690502628}, {"id": 97, "img_name": "0086", "width": 1284, "height": 720, "position": [-2.0207745416460514, -0.19829142089778284, 0.5871338075680506], "rotation": [[0.6272350327592777, -0.5106867964579037, 0.5880265381792145], [0.41986886298759624, 0.8576264805563693, 0.2969628895030469], [-0.6559621571195786, 0.06062850626610572, 0.7523548581985565]], "fy": 1098.169416155143, "fx": 1099.2586690502628}, {"id": 98, "img_name": "0087", "width": 1284, "height": 720, "position": [-2.120822941867212, -0.04676103310685282, 0.3729517862004673], "rotation": [[0.6745217058573382, -0.459336214884235, 0.5779538995656406], [0.40677694859160046, 0.8845497363578275, 0.2282636151553817], [-0.6160787144690304, 0.08112956061215659, 0.7834953809519652]], "fy": 1098.169416155143, "fx": 1099.2586690502628}, {"id": 99, "img_name": "0088", "width": 1284, "height": 720, "position": [-2.197421510091268, 0.17963280607720472, 0.21571386555077504], "rotation": [[0.7079604629568694, -0.4199862855577582, 0.5678058672057663], [0.3952868879756788, 0.9018819792009656, 0.174233096130019], [-0.5852693901823316, 0.10109607082348197, 0.8045118553381642]], "fy": 1098.169416155143, "fx": 1099.2586690502628}, {"id": 100, "img_name": "0090", "width": 1284, "height": 720, "position": [-2.2202078944758084, 0.49563655210328517, -0.35982190661718744], "rotation": [[0.7865913151270904, -0.31261982638659036, 0.5324875088832154], [0.345891632001268, 0.9374461597522721, 0.03941670302317177], [-0.5115008131744598, 0.15317813719893444, 0.845519589605191]], "fy": 1098.169416155143, "fx": 1099.2586690502628}, {"id": 101, "img_name": "0091", "width": 1284, "height": 720, "position": [-2.1420400461429945, 0.6810563340788265, -0.5177198355414852], "rotation": [[0.8202231009519743, -0.25379685861113166, 0.5126609203204872], [0.3041921778492284, 0.9524902200667082, -0.