[{"id": 0, "img_name": "0014", "width": 1271, "height": 714, "position": [0.33424866070295856, -1.3259170185544524, 4.202222421892905], "rotation": [[-0.9728762176347113, -0.019998531730202114, -0.23046024362005157], [-0.21055751369384196, 0.48913316819605657, 0.8464125927687725], [0.09579874001178192, 0.8719798177131877, -0.4800768677129013]], "fy": 1098.1100678326875, "fx": 1094.0247865162414}, {"id": 1, "img_name": "0022", "width": 1271, "height": 714, "position": [0.9743796421846261, -1.5886661664416457, 4.295138235349482], "rotation": [[-0.9903493575261751, -0.11503941929982553, -0.07729218624576625], [-0.13112288784087567, 0.5971023243743148, 0.7913757656834455], [-0.04488806446885892, 0.7938732557744651, -0.6064242041956186]], "fy": 1098.1100678326875, "fx": 1094.0247865162414}, {"id": 2, "img_name": "0030", "width": 1271, "height": 714, "position": [-1.372222375811917, -1.287587240083333, 3.711994166978148], "rotation": [[-0.850831530621099, -0.14177691688406502, 0.5059496144279644], [0.2411024021532121, 0.7502101091820504, 0.6156739589726097], [-0.46685687118956243, 0.6458204842832912, -0.6041196602521614]], "fy": 1098.1100678326875, "fx": 1094.0247865162414}, {"id": 3, "img_name": "0038", "width": 1271, "height": 714, "position": [-2.1143976257524386, -0.7387372991259025, 2.7957001976472196], "rotation": [[-0.5827689197150555, -0.37472960455505666, 0.7210812087997841], [0.33129416100345926, 0.7006922399022549, 0.6318817641187114], [-0.7420408109391026, 0.6071310471477896, -0.28419592975633384]], "fy": 1098.1100678326875, "fx": 1094.0247865162414}, {"id": 4, "img_name": "0046", "width": 1271, "height": 714, "position": [-2.7463578202457612, -0.4480649203903369, 1.231536248175647], "rotation": [[-0.03830298912988084, -0.4379305141706684, 0.8981924881571489], [0.4838884944961392, 0.77830673589145, 0.4001131711906726], [-0.8742910304457983, 0.4499505413089426, 0.1820980627514017]], "fy": 1098.1100678326875, "fx": 1094.0247865162414}, {"id": 5, "img_name": "0054", "width": 1271, "height": 714, "position": [-3.3910746067555517, -0.3316341975191576, -0.07863648713102582], "rotation": [[0.2345206306377963, -0.5484806507493197, 0.8026014263374149], [0.4935449343723105, 0.7784833822136769, 0.3877847616559809], [-0.8375043113684141, 0.30517634143353417, 0.4532702605163514]], "fy": 1098.1100678326875, "fx": 1094.0247865162414}, {"id": 6, "img_name": "0062", "width": 1271, "height": 714, "position": [-2.7801687306663885, 0.37589136791861744, -0.7362123006074311], "rotation": [[0.6265370336713811, -0.4826644208623111, 0.6119529412233559], [0.40360830006610005, 0.8726161821273728, 0.2750297053178092], [-0.6667470926490938, 0.07467299058627451, 0.7415337206903561]], "fy": 1098.1100678326875, "fx": 1094.0247865162414}, {"id": 7, "img_name": "0070", "width": 1271, "height": 714, "position": [-1.370756040415438, -0.1220328798612574, -1.6253562965030812], "rotation": [[0.8359992121352992, -0.4462548500309656, 0.31931477593904045], [0.43502038667314297, 0.893674276124187, 0.11001614141869999], [-0.33445863793286634, 0.04693502975125057, 0.9412409481606402]], "fy": 1098.1100678326875, "fx": 1094.0247865162414}, {"id": 8, "img_name": "0078", "width": 1271, "height": 714, "position": [0.16491179644260784, -0.14285052771773912, -2.4502436522931075], "rotation": [[0.9750485664212675, -0.214635733940915, 0.05667269920760839], [0.21225448157310162, 0.976168100816682, 0.04520922472334924], [-0.06502559628304197, -0.032052155365859335, 0.997368703722168]], "fy": 1098.1100678326875, "fx": 1094.0247865162414}, {"id": 9, "img_name": "0086", "width": 1271, "height": 714, "position": [0.1489789209217324, 0.23212605679736503, -3.025056214026445], "rotation": [[0.9964080635954439, 0.04726133939241296, -0.07026618390672053], [-0.05398072688085581, 0.9938168034797146, -0.0970270181278228], [0.0652460874489219, 0.10047152293161261, 0.9927982781776016]], "fy": 1098.1100678326875, "fx": 1094.0247865162414}, {"id": 10, "img_name": "0094", "width": 1271, "height": 714, "position": [0.9720582376808137, 1.399150801034976, -3.039733195939774], "rotation": [[0.9718666700024778, -0.028897132099867075, -0.2337522866084903], [0.007721512290303232, 0.9958207129099521, -0.09100267022162191], [0.23540508487763312, 0.08663754091568739, 0.9680280897359523]], "fy": 1098.1100678326875, "fx": 1094.0247865162414}, {"id": 11, "img_name": "0102", "width": 1271, "height": 714, "position": [2.633428370811901, 1.7376085270483137, -2.1644841068067104], "rotation": [[0.8879128670734312, 0.020828661039547957, -0.45953988658737666], [-0.06182282492889372, 0.9953147736612562, -0.07434002723603088], [0.45583843497806403, 0.09441752067779619, 0.8850404809870603]], "fy": 1098.1100678326875, "fx": 1094.0247865162414}, {"id": 12, "img_name": "0110", "width": 1271, "height": 714, "position": [3.4593800936961, 1.4449262149811053, -1.4160862780955112], "rotation": [[0.712698356698787, 0.14487055597537266, -0.68634799800847], [-0.21350167046895793, 0.9768194645123087, -0.015516779847993144], [0.6681901593602027, 0.15759522759675498, 0.7271077328518202]], "fy": 1098.1100678326875, "fx": 1094.0247865162414}, {"id": 13, "img_name": "0118", "width": 1271, "height": 714, "position": [3.64358233605685, 0.3038720313486499, 0.660750248565971], "rotation": [[0.49454552388625667, 0.2391659231795503, -0.8355982204347623], [-0.30442173902570924, 0.9481601365985177, 0.09121271936546549], [0.814095897061661, 0.20926542130785408, 0.5417156577321863]], "fy": 1098.1100678326875, "fx": 1094.0247865162414}, {"id": 14, "img_name": "0126", "width": 1271, "height": 714, "position": [3.8481968169595095, -0.24395216768332456, 1.7852102674835908], "rotation": [[0.18620072687576894, 0.3288537777188943, -0.9258425795949045], [-0.4265196330398158, 0.8759545626895503, 0.2253544025195415], [0.8851046785225551, 0.35292888374766196, 0.30336596887936057]], "fy": 1098.1100678326875, "fx": 1094.0247865162414}, {"id": 15, "img_name": "0015", "width": 1271, "height": 714, "position": [0.6803751183434606, -1.5149688960265753, 4.024908234916309], "rotation": [[-0.9821457989545509, -0.0638220442273998, -0.1769643361430838], [-0.1831243131431923, 0.5397270262494508, 0.8216813391283501], [0.04307105213203615, 0.8394173478113022, -0.5417779994256675]], "fy": 1098.1100678326875, "fx": 1094.0247865162414}, {"id": 16, "img_name": "0016", "width": 1271, "height": 714, "position": [0.9729791017984707, -1.5999336242776703, 3.9281790254927325], "rotation": [[-0.985559706856391, -0.08311715302156227, -0.1475249236391437], [-0.1689718479095076, 0.539256616409405, 0.8250156460775312], [0.010980839457491256, 0.8380297372601226, -0.5455140517278532]], "fy": 1098.1100678326875, "fx": 1094.0247865162414}, {"id": 17, "img_name": "0017", "width": 1271, "height": 714, "position": [1.162559113132961, -1.6583164538232495, 3.938919559391253], "rotation": [[-0.9860433769433377, -0.09437778285967478, -0.13715426675342754], [-0.16648861458168585, 0.5589652306473456, 0.8123049994565037], [9.214955630529648e-07, 0.8238025886277923, -0.5668767899370185]], "fy": 1098.1100678326875, "fx": 1094.0247865162414}, {"id": 18, "img_name": "0018", "width": 1271, "height": 714, "position": [1.2137074609537046, -1.7426914027675133, 3.9340444701057713], "rotation": [[-0.9860600487823822, -0.09850969747168908, -0.13409481607923196], [-0.16637963675808015, 0.5748261095601379, 0.8011821017972166], [-0.0018430050287686318, 0.8123243091721389, -0.5832030693167448]], "fy": 1098.1100678326875, "fx": 1094.0247865162414}, {"id": 19, "img_name": "0019", "width": 1271, "height": 714, "position": [1.2154945040195626, -1.8826499888049104, 3.8975693647209293], "rotation": [[-0.9860659501392636, -0.1002565963532872, -0.13274997877063804], [-0.16633746225863152, 0.5826640759092947, 0.7955089083688037], [-0.0024063718144029895, 0.8065055421585281, -0.5912216334356084]], "fy": 1098.1100678326875, "fx": 1094.0247865162414}, {"id": 20, "img_name": "0020", "width": 1271, "height": 714, "position": [1.2022297921352094, -1.921060906235883, 3.929415174194663], "rotation": [[-0.9857181109475024, -0.10574331540228041, -0.13106546836532112], [-0.1682512023242329, 0.5852736603193577, 0.7931874150872738], [-0.0071651005950506665, 0.803911123062814, -0.5947062867915116]], "fy": 1098.1100678326875, "fx": 1094.0247865162414}, {"id": 21, "img_name": "0021", "width": 1271, "height": 714, "position": [1.1710828137974907, -1.7975449160207395, 4.0750466505285745], "rotation": [[-0.9872629424788677, -0.11135203167838999, -0.11363365456176008], [-0.15757873416636112, 0.5859497688960021, 0.7948784881157929], [-0.021927720959869074, 0.8026603225348915, -0.5960332051838128]], "fy": 1098.1100678326875, "fx": 1094.0247865162414}, {"id": 22, "img_name": "0023", "width": 1271, "height": 714, "position": [0.7856644465278356, -1.4544732704315473, 4.364447833891486], "rotation": [[-0.9923712778000291, -0.11505102405286152, -0.04430021288803684], [-0.10512462606427692, 0.6019544487392783, 0.7915804789393416], [-0.06440543449417496, 0.7901987746810163, -0.609457001354679]], "fy": 1098.1100678326875, "fx": 1094.0247865162414}, {"id": 23, "img_name": "0024", "width": 1271, "height": 714, "position": [0.5182769526308434, -1.4245820832364136, 4.383077937686811], "rotation": [[-0.9935966933755854, -0.11258657932172084, 0.009480140807873697], [-0.06302610353893813, 0.621939269121907, 0.7805249872981692], [-0.0937727102402522, 0.7749295501403608, -0.6250526946853809]], "fy": 1098.1100678326875, "fx": 1094.0247865162414}, {"id": 24, "img_name": "0025", "width": 1271, "height": 714, "position": [0.17103732056008386, -1.481389471915315, 4.3416881954368245], "rotation": [[-0.9898829958697847, -0.11185092961557766, 0.0872984766876844], [-0.007284349295728924, 0.6545225026024039, 0.7560074284307159], [-0.14169895110125869, 0.7477229855576311, -0.6487154569806283]], "fy": 1098.1100678326875, "fx": 1094.0247865162414}, {"id": 25, "img_name": "0026", "width": 1271, "height": 714, "position": [-0.16794824186469967, -1.585933938756019, 4.300212416386127], "rotation": [[-0.976192597834021, -0.11442794557753427, 0.18426680983011978], [0.055049615482817775, 0.6910088817335529, 0.720747018863442], [-0.20980360285099633, 0.7137317217528233, -0.6682585409813265]], "fy": 1098.1100678326875, "fx": 1094.0247865162414}, {"id": 26, "img_name": "0027", "width": 1271, "height": 714, "position": [-0.49713373096863767, -1.6195729105148995, 4.242059140059277], "rotation": [[-0.9425651893521441, -0.12790898721178837, 0.308561427939416], [0.12823790695943005, 0.714409897715074, 0.6878761060433791], [-0.3084248742242126, 0.687937343830957, -0.6569751197135143]], "fy": 1098.1100678326875, "fx": 1094.0247865162414}, {"id": 27, "img_name": "0028", "width": 1271, "height": 714, "position": [-0.719491666685954, -1.5200971944293673, 4.1598500909873435], "rotation": [[-0.9104166572258351, -0.1356919114161765, 0.39080585387371086], [0.17446492102693095, 0.7306255812712859, 0.6601123020540235], [-0.3751046541657441, 0.6691591478626143, -0.6415002207754703]], "fy": 1098.1100678326875, "fx": 1094.0247865162414}, {"id": 28, "img_name": "0029", "width": 1271, "height": 714, "position": [-1.0847324351312704, -1.3694600919582203, 3.949290723494706], "rotation": [[-0.8763697135215595, -0.13610481189852586, 0.4620082308792842], [0.21620615654631475, 0.7459932538899929, 0.6298801179765009], [-0.43038473845340935, 0.651896882435165, -0.6243391959325497]], "fy": 1098.1100678326875, "fx": 1094.0247865162414}, {"id": 29, "img_name": "0031", "width": 1271, "height": 714, "position": [-1.502230255562607, -1.255687933314938, 3.6437203003231806], "rotation": [[-0.8298713734456662, -0.1485527157580746, 0.5378155763608046], [0.2590376732179791, 0.7511500290565059, 0.6071845828924066], [-0.49417910456556063, 0.6431995992608447, -0.584877156436691]], "fy": 1098.1100678326875, "fx": 1094.0247865162414}, {"id": 30, "img_name": "0032", "width": 1271, "height": 714, "position": [-1.5895106389105018, -1.2103052078340841, 3.6574235145978915], "rotation": [[-0.785504973025368, -0.16701140519645247, 0.5958935541577223], [0.28994867274625113, 0.7513511757036324, 0.5927910069674275], [-0.5467281815720709, 0.6384188290637077, -0.5417653497334627]], "fy": 1098.1100678326875, "fx": 1094.0247865162414}, {"id": 31, "img_name": "0033", "width": 1271, "height": 714, "position": [-1.58287378710173, -1.190677314245214, 3.6432757070649755], "rotation": [[-0.7445871294885194, -0.1962098633485075, 0.6380373783132197], [0.3095002946650211, 0.7454012769987812, 0.590412147445199], [-0.5914385633371498, 0.6370860426766122, -0.49428918663505267]], "fy": 1098.1100678326875, "fx": 1094.0247865162414}, {"id": 32, "img_name": "0034", "width": 1271, "height": 714, "position": [-1.5946033541489864, -1.148857494024099, 3.5356929247980564], "rotation": [[-0.711281254731426, -0.25097606403970657, 0.6565744374759231], [0.30198525034020446, 0.7343757343238422, 0.6078628047621287], [-0.6347313488749803, 0.6306372143439162, -0.4465566242257448]], "fy": 1098.1100678326875, "fx": 1094.0247865162414}, {"id": 33, "img_name": "0035", "width": 1271, "height": 714, "position": [-1.6961604699780501, -1.068532314249953, 3.3514044828050324], "rotation": [[-0.6901913320919644, -0.3004682132467871, 0.6582968767458971], [0.2933061223314136, 0.7154779014418873, 0.6340842934115486], [-0.6615190425891228, 0.6307219873895283, -0.40568747936727584]], "fy": 1098.1100678326875, "fx": 1094.0247865162414}, {"id": 34, "img_name": "0036", "width": 1271, "height": 714, "position": [-1.8530796608386473, -0.8981187555039811, 3.181167994566654], "rotation": [[-0.6719052217114482, -0.33490248396718764, 0.6605934447672768], [0.29284224959823063, 0.699115577459215, 0.6522889131390445], [-0.6802843448787699, 0.6317259972381031, -0.37166581027367435]], "fy": 1098.1100678326875, "fx": 1094.0247865162414}, {"id": 35, "img_name": "0037", "width": 1271, "height": 714, "position": [-1.947409703185853, -0.8317263655023511, 2.916167429302099], "rotation": [[-0.6372342223802289, -0.36071201921219453, 0.681042865775221], [0.3051951542571137, 0.6933413929559551, 0.6527891165084422], [-0.7076640895548122, 0.6238305475125093, -0.3317333030384518]], "fy": 1098.1100678326875, "fx": 1094.0247865162414}, {"id": 36, "img_name": "0039", "width": 1271, "height": 714, "position": [-2.360003397595561, -0.545655062267938, 2.7256398374298314], "rotation": [[-0.4862697767350268, -0.3940382251379809, 0.7799202403862697], [0.37423778890404896, 0.7126361608573457, 0.593376591714496], [-0.7896124249214137, 0.5804167290564712, -0.19906943271409422]], "fy": 1098.1100678326875, "fx": 1094.0247865162414}, {"id": 37, "img_name": "0040", "width": 1271, "height": 714, "position": [-2.52736170900151, -0.39419080222215586, 2.629888504679171], "rotation": [[-0.3963518503322504, -0.41213698749971306, 0.8203952183386144], [0.3995237178310393, 0.7271103956117915, 0.558293176999082], [-0.8266111598742576, 0.5490478814529072, -0.12353304919497812]], "fy": 1098.1100678326875, "fx": 1094.0247865162414}, {"id": 38, "img_name": "0041", "width": 1271, "height": 714, "position": [-2.6708169631517316, -0.2313769169203216, 2.499415528316367], "rotation": [[-0.3150904061585226, -0.4269271026199364, 0.8476150570839356], [0.4150649288521294, 0.7411788729659745, 0.5276125312252017], [-0.8534864619804076, 0.5180609301206124, -0.05633588464497525]], "fy": 1098.1100678326875, "fx": 1094.0247865162414}, {"id": 39, "img_name": "0042", "width": 1271, "height": 714, "position": [-2.803239468271205, -0.06772606481516187, 2.1961866772740377], "rotation": [[-0.23865441448332614, -0.4352262876386758, 0.8681141336229219], [0.4404069196362232, 0.7482217403401896, 0.49619146749902004], [-0.8654974382308439, 0.500741755629141, 0.013110247339075018]], "fy": 1098.1100678326875, "fx": 1094.0247865162414}, {"id": 40, "img_name": "0043", "width": 1271, "height": 714, "position": [-2.787806210876629, -0.06577453929185849, 1.9301839682330002], "rotation": [[-0.1803540635291875, -0.435657599878075, 0.8818587570790373], [0.46035036743187385, 0.754917292749588, 0.46709465883584195], [-0.8692237634659146, 0.4902064226181741, 0.06440273480251875]], "fy": 1098.1100678326875, "fx": 1094.0247865162414}, {"id": 41, "img_name": "0044", "width": 1271, "height": 714, "position": [-2.729444498303339, -0.1448493377408282, 1.6289100992344392], "rotation": [[-0.11831945391380881, -0.43656287413742895, 0.8918594977631875], [0.47557406522931955, 0.7635419820212579, 0.43684430884733705], [-0.8716821756275601, 0.4758324270327908, 0.11727611042871046]], "fy": 1098.1100678326875, "fx": 1094.0247865162414}, {"id": 42, "img_name": "0045", "width": 1271, "height": 714, "position": [-2.714401180929541, -0.31632437893958026, 1.3889273593432319], "rotation": [[-0.07945667171959168, -0.4373993897666383, 0.8957501946139992], [0.47976654526704854, 0.7708914187905563, 0.4189874490693058], [-0.8737909929506975, 0.4630423244875738, 0.14859712773596376]], "fy": 1098.1100678326875, "fx": 1094.0247865162414}, {"id": 43, "img_name": "0047", "width": 1271, "height": 714, "position": [-2.8339083043935083, -0.547514089390575, 1.0642568661652725], "rotation": [[0.009447961189241443, -0.44031753694646486, 0.8977924051175553], [0.48687433056445073, 0.7862463089259157, 0.3804866987659241], [-0.8734209307469016, 0.433517252664495, 0.22180773064851445]], "fy": 1098.1100678326875, "fx": 1094.0247865162414}, {"id": 44, "img_name": "0048", "width": 1271, "height": 714, "position": [-2.9408385895779072, -0.5838806433537167, 0.9239439855786165], "rotation": [[0.030628297799148208, -0.4523015718107223, 0.8913389902340614], [0.48396458528283276, 0.7869644972605822, 0.3827076694337529], [-0.874551420767208, 0.4196548202856117, 0.24300132560360369]], "fy": 1098.1100678326875, "fx": 1094.0247865162414}, {"id": 45, "img_name": "0049", "width": 1271, "height": 714, "position": [-3.064629307293615, -0.6013505726515571, 0.765777836697481], "rotation": [[0.04130761698432237, -0.47726904817887256, 0.8777858146663736], [0.4789445659867386, 0.7804805108543933, 0.40182368632055504], [-0.8768727293574883, 0.4038123671049443, 0.2608252071450356]], "fy": 1098.1100678326875, "fx": 1094.0247865162414}, {"id": 46, "img_name": "0050", "width": 1271, "height": 714, "position": [-3.1649437329230143, -0.6223414312009664, 0.5945358474875904], "rotation": [[0.04671406662229085, -0.4961878443955179, 0.8669575647364394], [0.4748855999611296, 0.7745858933103931, 0.4177324033805594], [-0.8788068405111364, 0.3921916839488948, 0.2718165192039735]], "fy": 1098.1100678326875, "fx": 1094.0247865162414}, {"id": 47, "img_name": "0051", "width": 1271, "height": 714, "position": [-3.2260346054997058, -0.5880447743265887, 0.36515913866095456], "rotation": [[0.056135562067152235, -0.5098042165522072, 0.858457022486854], [0.4727555467093997, 0.7708889561383665, 0.4268868823932122], [-0.8794037705894269, 0.381876783910059, 0.2842870559550834]], "fy": 1098.1100678326875, "fx": 1094.0247865162414}, {"id": 48, "img_name": "0052", "width": 1271, "height": 714, "position": [-3.3063550626351548, -0.5244075916914634, 0.1241206727024234], "rotation": [[0.09271582426102624, -0.5233634594595972, 0.8470504502295486], [0.47736064594471134, 0.7699367268943894, 0.4234669411918743], [-0.8738023744731107, 0.36508646356943575, 0.3212184373343421]], "fy": 1098.1100678326875, "fx": 1094.0247865162414}, {"id": 49, "img_name": "0053", "width": 1271, "height": 714, "position": [-3.3374172511527154, -0.4527962917749478, 0.033398035085225895], "rotation": [[0.14801617833143446, -0.5359672896244566, 0.8311620031045516], [0.48641485560699793, 0.7711970950623273, 0.4106770371134119], [-0.8610991808130932, 0.34350270016411993, 0.3748520985441839]], "fy": 1098.1100678326875, "fx": 1094.0247865162414}, {"id": 50, "img_name": "0055", "width": 1271, "height": 714, "position": [-3.3914442404754337, -0.20935478574090133, -0.19537618200949233], "rotation": [[0.32401901256543253, -0.5469239548390017, 0.771936439818323], [0.48878025575170053, 0.795397154852552, 0.35838139968442445], [-0.8100034204146447, 0.26118490323089255, 0.5250494312356172]], "fy": 1098.1100678326875, "fx": 1094.0247865162414}, {"id": 51, "img_name": "0056", "width": 1271, "height": 714, "position": [-3.3915473766872566, -0.021149146639698656, -0.29422689759666937], "rotation": [[0.3948823711736709, -0.5356456896696337, 0.746425889204415], [0.4796255662152002, 0.813142487703909, 0.3297857045468263], [-0.7835988955894512, 0.22777837875672124, 0.5780050008451068]], "fy": 1098.1100678326875, "fx": 1094.0247865162414}, {"id": 52, "img_name": "0057", "width": 1271, "height": 714, "position": [-3.336117296966855, 0.06659200711279462, -0.46120217189073487], "rotation": [[0.43227503204945233, -0.5294535889866826, 0.7299432812046192], [0.4716375981296397, 0.8226820787731515, 0.3174148284122694], [-0.7685676760683795, 0.20705819079332957, 0.6053351409989706]], "fy": 1098.1100678326875, "fx": 1094.0247865162414}, {"id": 53, "img_name": "0058", "width": 1271, "height": 714, "position": [-3.294416946878365, 0.09741824905660318, -0.609010873788403], "rotation": [[0.4526568938478783, -0.525063739262628, 0.7207009131141278], [0.46560951097712355, 0.8284878791410298, 0.3111520808287194], [-0.7604666460402023, 0.19472006529360342, 0.6194954208324871]], "fy": 1098.1100678326875, "fx": 1094.0247865162414}, {"id": 54, "img_name": "0059", "width": 1271, "height": 714, "position": [-3.18844776148377, 0.16469229126612056, -0.6842639366210145], "rotation": [[0.48886711581228726, -0.5150522489809415, 0.7040810492386868], [0.45443920537364396, 0.8392983976987278, 0.2984345962513714], [-0.7446435064490571, 0.17406717220665782, 0.6443653217416584]], "fy": 1098.1100678326875, "fx": 1094.0247865162414}, {"id": 55, "img_name": "0060", "width": 1271, "height": 714, "position": [-3.0602501036770176, 0.2497454962089233, -0.6755659141253221], "rotation": [[0.5347509455417269, -0.5033732827963987, 0.6787169987623748], [0.44027645015556227, 0.8515420748298939, 0.28466250584300035], [-0.7212475814036711, 0.14659956671551397, 0.6769863317366]], "fy": 1098.1100678326875, "fx": 1094.0247865162414}, {"id": 56, "img_name": "0061", "width": 1271, "height": 714, "position": [-2.971477307451082, 0.29698864897270033, -0.7057936890682556], "rotation": [[0.5812242253336792, -0.48964719326091133, 0.6499415558471208], [0.41989400102697166, 0.8646252413135415, 0.2758844322992174], [-0.6970419125037074, 0.11255584487360804, 0.7081410551563596]], "fy": 1098.1100678326875, "fx": 1094.0247865162414}, {"id": 57, "img_name": "0063", "width": 1271, "height": 714, "position": [-2.6174164227482772, 0.44542700673434166, -0.7630148278400357], "rotation": [[0.6458389498545233, -0.4764296271265965, 0.596579300048886], [0.3930977606488189, 0.877373834450444, 0.2751168936917693], [-0.6544969071154505, 0.05683278118952615, 0.7539256154015281]], "fy": 1098.1100678326875, "fx": 1094.0247865162414}, {"id": 58, "img_name": "0064", "width": 1271, "height": 714, "position": [-2.4256234310642166, 0.5463115696773956, -0.8053295817607896], "rotation": [[0.6764725823806891, -0.4700009721909438, 0.5669955303410861], [0.3899284141267115, 0.8816952389768705, 0.2656488987783436], [-0.6247725003101765, 0.04138347139966106, 0.77970938890787]], "fy": 1098.1100678326875, "fx": 1094.0247865162414}, {"id": 59, "img_name": "0065", "width": 1271, "height": 714, "position": [-2.1712555280934303, 0.6310779846115695, -0.9069821900315855], "rotation": [[0.7201239988304747, -0.46786565443948824, 0.5123701354531855], [0.4066577827531049, 0.8829228263277411, 0.23468432089886637], [-0.5621840215042891, 0.03935749160379451, 0.8260751260145304]], "fy": 1098.1100678326875, "fx": 1094.0247865162414}, {"id": 60, "img_name": "0066", "width": 1271, "height": 714, "position": [-1.9406179890311712, 0.5878749016125977, -1.0663710785857459], "rotation": [[0.7577218279294384, -0.4655112293118605, 0.4573367761987121], [0.4249345835473997, 0.8838390560157032, 0.1955993935743886], [-0.4952658187122027, 0.04612828249383468, 0.8675159654839214]], "fy": 1098.1100678326875, "fx": 1094.0247865162414}, {"id": 61, "img_name": "0067", "width": 1271, "height": 714, "position": [-1.7262722561817916, 0.3336657143555541, -1.2841567446456288], "rotation": [[0.7771661074526314, -0.4699035971327841, 0.4185731128830366], [0.4439943503739232, 0.8808080073028307, 0.16445750547559296], [-0.4459617228675158, 0.05803329796665826, 0.8931686727959898]], "fy": 1098.1100678326875, "fx": 1094.0247865162414}, {"id": 62, "img_name": "0068", "width": 1271, "height": 714, "position": [-1.578603704026839, 0.13485212101567623, -1.3949234909486483], "rotation": [[0.7837054687907379, -0.4712726799174978, 0.40460820474981657], [0.44826525252234506, 0.8800450248610061, 0.15677696769126925], [-0.42995813932122284, 0.05850483211471268, 0.9009512656357508]], "fy": 1098.1100678326875, "fx": 1094.0247865162414}, {"id": 63, "img_name": "0069", "width": 1271, "height": 714, "position": [-1.4726740583295743, -0.08119427985870249, -1.4996214244970243], "rotation": [[0.8047938770646571, -0.46325508460423537, 0.3710815840587622], [0.44551797428324136, 0.88456487602769, 0.1380533037948555], [-0.39219963032847777, 0.05421906202102934, 0.9182808629628331]], "fy": 1098.1100678326875, "fx": 1094.0247865162414}, {"id": 64, "img_name": "0071", "width": 1271, "height": 714, "position": [-1.1978607619562702, 0.05206495209217867, -1.7114262775655729], "rotation": [[0.8560074409436131, -0.43743325853777976, 0.2755057265724009], [0.429806452474634, 0.8983337655796001, 0.0909002696956752], [-0.2872588979654707, 0.04060283173125094, 0.9569920248335757]], "fy": 1098.1100678326875, "fx": 1094.0247865162414}, {"id": 65, "img_name": "0072", "width": 1271, "height": 714, "position": [-0.9457543842758108, 0.24027637620168046, -1.8887581341115927], "rotation": [[0.8712521943232764, -0.43060822665515863, 0.23557624885326486], [0.4258950139075143, 0.9018008642710669, 0.07327099240951415], [-0.2439939569243347, 0.036493236864607995, 0.9690898785187828]], "fy": 1098.1100678326875, "fx": 1094.0247865162414}, {"id": 66, "img_name": "0073", "width": 1271, "height": 714, "position": [-0.7668863913704329, 0.3094710489864071, -2.0659748212733304], "rotation": [[0.8828601524307531, -0.4217980648022757, 0.20650506962058462], [0.41855478645843325, 0.9061158812988752, 0.06136693238787726], [-0.2130019764760003, 0.03225526603545864, 0.976519204025348]], "fy": 1098.1100678326875, "fx": 1094.0247865162414}, {"id": 67, "img_name": "0074", "width": 1271, "height": 714, "position": [-0.5993608403433358, 0.3273640277059385, -2.2138885620243602], "rotation": [[0.898355766036229, -0.40641553216403514, 0.166683331036083], [0.4000299748668579, 0.9136857527039601, 0.07179390304071158], [-0.18147434209133076, 0.002181861962219252, 0.9833932594038342]], "fy": 1098.1100678326875, "fx": 1094.0247865162414}, {"id": 68, "img_name": "0075", "width": 1271, "height": 714, "position": [-0.4978337715713633, 0.18827492525334405, -2.2722802510073845], "rotation": [[0.9092943473521325, -0.39254057468309594, 0.13818714520867775], [0.3802691455067434, 0.9186332794376134, 0.10727662786118243], [-0.16905373952986252, -0.044997723688651306, 0.9845791171936408]], "fy": 1098.1100678326875, "fx": 1094.0247865162414}, {"id": 69, "img_name": "0076", "width": 1271, "height": 714, "position": [-0.29897340491270713, 0.036377767935859416, -2.1830629618752853], "rotation": [[0.9242394371856085, -0.3696954281480224, 0.09542930973909514], [0.35536748300102455, 0.9243211807723595, 0.1390838121461576], [-0.1396259817381645, -0.0946342706530862, 0.9856718216737315]], "fy": 1098.1100678326875, "fx": 1094.0247865162414}, {"id": 70, "img_name": "0077", "width": 1271, "height": 714, "position": [-0.01201371150747152, -0.0759813083347115, -2.3056918160561066], "rotation": [[0.9545931095183332, -0.29144922569357984, 0.06171988417626977], [0.28508724252331946, 0.953811310319824, 0.09470611625671484], [-0.08647114785042133, -0.07281025441923077, 0.9935901607004959]], "fy": 1098.1100678326875, "fx": 1094.0247865162414}, {"id": 71, "img_name": "0079", "width": 1271, "height": 714, "position": [0.3727846925070727, -0.360650050667194, -2.0998898629894187], "rotation": [[0.9718769507281557, -0.2139181183699248, 0.09845928740557114], [0.21686213928520642, 0.9759950237133672, -0.020112837477283346], [-0.09179327419798107, 0.04089929485718224, 0.9949378083539693]], "fy": 1098.1100678326875, "fx": 1094.0247865162414}, {"id": 72, "img_name": "0080", "width": 1271, "height": 714, "position": [0.3423594547245965, -0.3895392561675506, -1.9395542847160618], "rotation": [[0.9770216812070998, -0.18294143967655888, 0.10936664985415023], [0.18513955959469788, 0.9826592325969044, -0.010206667680706641], [-0.10560292573756494, 0.030220229005271076, 0.993949073058844]], "fy": 1098.1100678326875, "fx": 1094.0247865162414}, {"id": 73, "img_name": "0081", "width": 1271, "height": 714, "position": [0.4305227208785494, -0.30516199218950585, -1.9695073540539993], "rotation": [[0.9941830975395263, -0.09110698231059156, 0.0574411554633997], [0.09161215494570392, 0.9957753509865047, -0.006217992755524505], [-0.05663198418665226, 0.011444131332738926, 0.9983295298773457]], "fy": 1098.1100678326875, "fx": 1094.0247865162414}, {"id": 74, "img_name": "0082", "width": 1271, "height": 714, "position": [0.4897547643889191, -0.25620919704535805, -2.139138077147294], "rotation": [[0.9994054168369648, -0.026317187272944215, 0.02227596128056544], [0.026736578380831735, 0.9994667783144005, -0.01874338342773577], [-0.021770810123146744, 0.019327821912317536, 0.9995761437362874]], "fy": 1098.1100678326875, "fx": 1094.0247865162414}, {"id": 75, "img_name": "0083", "width": 1271, "height": 714, "position": [0.39864604958724514, -0.20813509126586777, -2.2196003446528305], "rotation": [[0.9999519745556663, -0.0003275647198487938, 0.009794962152991683], [0.0007227764307145384, 0.9991844490766877, -0.04037219733365095], [-0.009773749355054722, 0.040377338008719205, 0.9991366995556085]], "fy": 1098.1100678326875, "fx": 1094.0247865162414}, {"id": 76, "img_name": "0084", "width": 1271, "height": 714, "position": [0.25749806869402764, -0.2049840067275621, -2.3648115603255486], "rotation": [[0.999880627347524, 0.012724856762377857, -0.008764078702211495], [-0.013326542318063487, 0.9972856908728887, -0.0724130792746026], [0.00781884422190733, 0.0725212299989595, 0.9973362205768282]], "fy": 1098.1100678326875, "fx": 1094.0247865162414}, {"id": 77, "img_name": "0085", "width": 1271, "height": 714, "position": [0.13994977742087394, -0.06292214330409725, -2.664687000663908], "rotation": [[0.99921837561832, 0.024616110800529167, -0.0309303235634862], [-0.02736791614179769, 0.9953877385144295, -0.09194698027224901], [0.028524287769222344, 0.09272161077217053, 0.9952834108449072]], "fy": 1098.1100678326875, "fx": 1094.0247865162414}, {"id": 78, "img_name": "0087", "width": 1271, "height": 714, "position": [0.30897680863934635, 0.409862002162237, -3.2230400916503523], "rotation": [[0.9932443813979093, 0.06592253515201613, -0.09549773913876679], [-0.07500696346324301, 0.9926580389313756, -0.09488926797556822], [0.08854125735219984, 0.1014112277020975, 0.9908966690036075]], "fy": 1098.1100678326875, "fx": 1094.0247865162414}, {"id": 79, "img_name": "0088", "width": 1271, "height": 714, "position": [0.4354188039609443, 0.4985840787801246, -3.2976831283901515], "rotation": [[0.9904875297800904, 0.07568258211342287, -0.1149199726539278], [-0.08657448591407567, 0.991900117522996, -0.09294630302804063], [0.10695471817011169, 0.10201129164220912, 0.9890168778330531]], "fy": 1098.1100678326875, "fx": 1094.0247865162414}, {"id": 80, "img_name": "0089", "width": 1271, "height": 714, "position": [0.5382239246703334, 0.6717803560448077, -3.2835538987587594], "rotation": [[0.9863968073641929, 0.08164898162212493, -0.1426701868709692], [-0.09537000725343421, 0.9911689774927022, -0.09213370595255145], [0.13388763997549313, 0.10448685015896123, 0.9854727789267704]], "fy": 1098.1100678326875, "fx": 1094.0247865162414}, {"id": 81, "img_name": "0090", "width": 1271, "height": 714, "position": [0.6007933302882342, 0.9822381274257594, -3.143247886657723], "rotation": [[0.9814114975788164, 0.07180935214194194, -0.177974406488853], [-0.08897079870877088, 0.9919240930445928, -0.09039242564941666], [0.17004608021718196, 0.10454669092140853, 0.9798746450542309]], "fy": 1098.1100678326875, "fx": 1094.0247865162414}, {"id": 82, "img_name": "0091", "width": 1271, "height": 714, "position": [0.6421615558221726, 1.2104037766538263, -2.9651463689512854], "rotation": [[0.9776681938856263, 0.03772783143262483, -0.20674020750644692], [-0.057158363230534075, 0.9944052418440847, -0.08883206912941692], [0.2022321047144187, 0.09866522045988962, 0.9743548378770323]], "fy": 1098.1100678326875, "fx": 1094.0247865162414}, {"id": 83, "img_name": "0092", "width": 1271, "height": 714, "position": [0.7154861338056853, 1.2632990568955385, -2.957086614456468], "rotation": [[0.9742492874292544, 0.006987958524556281, -0.2253652466092522], [-0.027777803288747384, 0.9956253037307765, -0.0892112561028623], [0.22375593754812778, 0.09317415417731419, 0.9701813528435289]], "fy": 1098.1100678326875, "fx": 1094.0247865162414}, {"id": 84, "img_name": "0093", "width": 1271, "height": 714, "position": [0.8211060278473653, 1.304859896885441, -2.9987532833560233], "rotation": [[0.9731281884931046, -0.017859680438831894, -0.2295703826166423], [-0.0030721309863244823, 0.995891809202355, -0.09049898549079465], [0.2302435466442689, 0.08877238409709967, 0.9690755249465262]], "fy": 1098.1100678326875, "fx": 1094.0247865162414}, {"id": 85, "img_name": "0095", "width": 1271, "height": 714, "position": [1.1771094788843584, 1.5144426191154245, -3.0297042830986256], "rotation": [[0.9692809678477179, -0.026610701014598503, -0.24451232271544668], [0.004606183427164805, 0.9959195292762016, -0.09012809928376701], [0.2459129692440527, 0.08623318269541544, 0.965448419005279]], "fy": 1098.1100678326875, "fx": 1094.0247865162414}, {"id": 86, "img_name": "0096", "width": 1271, "height": 714, "position": [1.469228056644938, 1.6163038158519456, -2.960321256539805], "rotation": [[0.9648715063680023, -0.02505788577587075, -0.26152452764432105], [0.0018806089818851528, 0.996074384023501, -0.08850019662159044], [0.2627155105984401, 0.08489949265246718, 0.9611309154523927]], "fy": 1098.1100678326875, "fx": 1094.0247865162414}, {"id": 87, "img_name": "0097", "width": 1271, "height": 714, "position": [1.7662709687132523, 1.7580027254775838, -2.7996901646374255], "rotation": [[0.9592630827019907, -0.0236926092558754, -0.28151909070562503], [-0.0009703987367721085, 0.9961950575143442, -0.08714623176181499], [0.2825126483741307, 0.08386934869569874, 0.9555901505656043]], "fy": 1098.1100678326875, "fx": 1094.0247865162414}, {"id": 88, "img_name": "0098", "width": 1271, "height": 714, "position": [1.9725262141441393, 1.8123361219714353, -2.6646339899260387], "rotation": [[0.9527833228217457, -0.021777440374544065, -0.30286908532150697], [-0.004355631669764436, 0.9963421109610942, -0.08534299267279132], [0.3036197757484029, 0.08263256631815295, 0.9492032926397618]], "fy": 1098.1100678326875, "fx": 1094.0247865162414}, {"id": 89, "img_name": "0099", "width": 1271, "height": 714, "position": [2.1671538031717654, 1.8065058383470047, -2.525011203961014], "rotation": [[0.9421060278235529, -0.018697066856418296, -0.33479344681384304], [-0.00972245807915968, 0.99650127805543, -0.08301009964331738], [0.3351741430173663, 0.081459330496028, 0.9386280793411803]], "fy": 1098.1100678326875, "fx": 1094.0247865162414}, {"id": 90, "img_name": "0100", "width": 1271, "height": 714, "position": [2.337041076464602, 1.7723321629777096, -2.405660655693009], "rotation": [[0.9289616067684491, -0.013003706407784447, -0.36994761354797456], [-0.01846105018372223, 0.9965118031483332, -0.08138437081019852], [0.36971546191131305, 0.08243257733273873, 0.9254811437398315]], "fy": 1098.1100678326875, "fx": 1094.0247865162414}, {"id": 91, "img_name": "0101", "width": 1271, "height": 714, "position": [2.515773514723687, 1.7348704122062149, -2.283442890842957], "rotation": [[0.9042912325197012, 0.0030807567132326683, -0.4269049961362287], [-0.04048302613785434, 0.9960866841591127, -0.0785648918768801], [0.4249923427342208, 0.08832794902508453, 0.9008771736692527]], "fy": 1098.1100678326875, "fx": 1094.0247865162414}, {"id": 92, "img_name": "0103", "width": 1271, "height": 714, "position": [2.705758430677074, 1.7250877500198691, -2.054977186545641], "rotation": [[0.8773396959136136, 0.03498962108220034, -0.47859250348363397], [-0.07844147192924673, 0.9943802349034457, -0.07109770681914625], [0.47341524421566883, 0.0999183409084244, 0.8751538902926311]], "fy": 1098.1100678326875, "fx": 1094.0247865162414}, {"id": 93, "img_name": "0104", "width": 1271, "height": 714, "position": [2.7815967256633765, 1.6880765130677433, -1.9395138155209932], "rotation": [[0.8592905119220909, 0.051751946300261815, -0.508862999416155], [-0.09883331563150047, 0.9929186046559664, -0.06591373338943204], [0.5018483753505188, 0.10693166314139015, 0.8583203525350316]], "fy": 1098.1100678326875, "fx": 1094.0247865162414}, {"id": 94, "img_name": "0105", "width": 1271, "height": 714, "position": [2.889370776749693, 1.656903522922618, -1.8399830297025483], "rotation": [[0.8420139288223071, 0.0670228528855412, -0.5352760791033969], [-0.11778305604688277, 0.9911533064179828, -0.06117413575161522], [0.5264405905489049, 0.11455592681211775, 0.8424590460400654]], "fy": 1098.1100678326875, "fx": 1094.0247865162414}, {"id": 95, "img_name": "0106", "width": 1271, "height": 714, "position": [3.0172520597559456, 1.6250583582262814, -1.726028831203022], "rotation": [[0.8221424972368738, 0.08403267004459532, -0.5630454907041642], [-0.13818293450637234, 0.988923820081912, -0.05417706789597894], [0.5522564538765703, 0.1223445480590536, 0.8246481799603401]], "fy": 1098.1100678326875, "fx": 1094.0247865162414}, {"id": 96, "img_name": "0107", "width": 1271, "height": 714, "position": [3.116299771123586, 1.6066855392403019, -1.647161060452708], "rotation": [[0.8047392098102106, 0.10088706562054178, -0.5849928240453164], [-0.15831195925641103, 0.9862365306775555, -0.047695168659892886], [0.5721294676473451, 0.1309935324646819, 0.8096348354054372]], "fy": 1098.1100678326875, "fx": 1094.0247865162414}, {"id": 97, "img_name": "0108", "width": 1271, "height": 714, "position": [3.1878192106640175, 1.5934154815902462, -1.5894949366065578], "rotation": [[0.7858280037143912, 0.11382088553575752, -0.6078808720416449], [-0.1744517959183692, 0.9837987391287852, -0.0413111581714682], [0.5933303628494924, 0.13850937478910366, 0.7929528571210406]], "fy": 1098.1100678326875, "fx": 1094.0247865162414}, {"id": 98, "img_name": "0109", "width": 1271, "height": 714, "position": [3.2920807566080943, 1.5388677073808532, -1.5300693862866133], "rotation": [[0.7466361880521486, 0.13027439089434514, -0.6523518879930249], [-0.19556570423204295, 0.9802888706551692, -0.02806751499220701], [0.6358368171309222, 0.1485338787843367, 0.7573963485745743]], "fy": 1098.1100678326875, "fx": 1094.0247865162414}, {"id": 99, "img_name": "0111", "width": 1271, "height": 714, "position": [3.661071656525852, 1.3691273283932353, -1.192663611100128], "rotation": [[0.6813422082852537, 0.16046644561966827, -0.7141591664602255], [-0.23206396837068538, 0.9726963739915283, -0.002842289179907901], [0.6942039396265505, 0.16766718180348453, 0.699977575607286]], "fy": 1098.1100678326875, "fx": 1094.0247865162414}, {"id": 100, "img_name": "0112", "width": 1271, "height": 714, "position": [3.7597633201626697, 1.263107989189313, -0.9932098119457289], "rotation": [[0.6444653273607068, 0.17567939498412474, -0.7441781990947252], [-0.2464687620527443, 0.9690297020334104, 0.015316197609969719], [0.7238215188580983, 0.1735459211708872, 0.6678055271431226]], "fy": 1098.1100678326875, "fx": 1094.0247865162414}, {"id": 101, "img_name": "0113", "wi